100
1 2 3 4 5
5 4 3 2 1
1
1 1 1 1
3 2 2 2
1 0 0 1
22 22
100 200 300 400 500 600 700 800 900 1000 2000 3000 4000 5000
0 0 0 0 0 0 0 0
0
1 2 3 4 5
5 4 3 2 1
1
1 1 1 1
3 2 2 2
1 0 0 1
22 22
100 200 300 400 500 600 700 800 900 1000 2000 3000 4000 5000
0 0 0 0 0 0 0 0
0
1 2 3 4 5
5 4 3 2 1
1
1 1 1 1
3 2 2 2
1 0 0 1
22 22
100 200 300 400 500 600 700 800 900 1000 2000 3000 4000 5000
0 0 0 0 0 0 0 0
0
1 2 3 4 5
5 4 3 2 1
1
1 1 1 1
3 2 2 2
1 0 0 1
22 22
100 200 300 400 500 600 700 800 900 1000 2000 3000 4000 5000
0 0 0 0 0 0 0 0
0
1 2 3 4 5
5 4 3 2 1
1
1 1 1 1
3 2 2 2
1 0 0 1
22 22
100 200 300 400 500 600 700 800 900 1000 2000 3000 4000 5000
0 0 0 0 0 0 0 0
0
1 2 3 4 5
5 4 3 2 1
1
1 1 1 1
3 2 2 2
1 0 0 1
22 22
100 200 300 400 500 600 700 800 900 1000 2000 3000 4000 5000
0 0 0 0 0 0 0 0
0
1 2 3 4 5
5 4 3 2 1
1
1 1 1 1
3 2 2 2
1 0 0 1
22 22
100 200 300 400 500 600 700 800 900 1000 2000 3000 4000 5000
0 0 0 0 0 0 0 0
0
1 2 3 4 5
5 4 3 2 1
1
1 1 1 1
3 2 2 2
1 0 0 1
22 22
100 200 300 400 500 600 700 800 900 1000 2000 3000 4000 5000
0 0 0 0 0 0 0 0
0
1 2 3 4 5
5 4 3 2 1
1
1 1 1 1
3 2 2 2
1 0 0 1
22 22
100 200 300 400 500 600 700 800 900 1000 2000 3000 4000 5000
0 0 0 0 0 0 0 0
0
1 2 3 4 5
5 4 3 2 1
1
1 1 1 1
3 2 2 2
1 0 0 1
22 22
100 200 300 400 500 600 700 800 900 1000 2000 3000 4000 5000
0 0 0 0 0 0 0 0
0